4c4
<   1.0000e-14          97.416572224                     0        5141.80155304        -45404.9067225        -40263.1051695 
---
>   1.0000e-14          97.416572224                     0        5141.80155304        -45404.9067226        -40263.1051695 
7c7
<   2.5000e-14         90.2017602413                     0        4760.99230663        -44642.4605281        -39881.4682214 
---
>   2.5000e-14         90.2017602413                     0        4760.99230663        -44642.4605281        -39881.4682215 
18c18
<   8.0000e-14         51.8091290704                     0        2734.56819753        -40583.3523967        -37848.7841992 
---
>   8.0000e-14         51.8091290704                     0        2734.56819753        -40583.3523968        -37848.7841992 
26,27c26,27
<   1.2000e-13         54.2092262445                     0        2861.24914201         -40838.654181         -37977.405039 
<   1.2500e-13         56.4950330865                     0        2981.89766107        -41080.4901798        -38098.5925188 
---
>   1.2000e-13         54.2092262445                     0        2861.24914201         -40838.654181        -37977.4050389 
>   1.2500e-13         56.4950330865                     0        2981.89766107        -41080.4901799        -38098.5925188 
36c36
<   1.7000e-13         78.1016485418                     0        4122.32917459        -43363.7767354        -39241.4475609 
---
>   1.7000e-13         78.1016485418                     0        4122.32917459        -43363.7767355        -39241.4475609 
43c43
<   2.0500e-13         86.4655350898                     0        4563.78840335        -44245.7597633          -39681.97136 
---
>   2.0500e-13         86.4655350898                     0        4563.78840335        -44245.7597634          -39681.97136 
52c52
<   2.5000e-13         93.0393921721                     0        4910.76703115        -44938.6541801         -40027.887149 
---
>   2.5000e-13         93.0393921721                     0        4910.76703115        -44938.6541802         -40027.887149 
63c63
<   3.0500e-13         108.731944489                     0        5739.04489014         -46595.367615        -40856.3227248 
---
>   3.0500e-13         108.731944489                     0        5739.04489014         -46595.367615        -40856.3227249 
77c77
<   3.7500e-13         136.462665745                     0        7202.71644384        -49523.2267153        -42320.5102715 
---
>   3.7500e-13         136.462665745                     0        7202.71644384        -49523.2267153        -42320.5102714 
97c97
<   4.7500e-13         162.469896621         223901740.351        8575.41943529         -52269.394802        -43693.9753668 
---
>   4.7500e-13         162.469896621         223901740.351        8575.41943529        -52269.3948021        -43693.9753668 
108c108
<   5.3000e-13         164.081537986          209607341.45        8660.48442867        -52439.4495578        -43778.9651292 
---
>   5.3000e-13         164.081537986          209607341.45        8660.48442867        -52439.4495578        -43778.9651291 
112c112
<   5.5000e-13         163.808041823         140846457.777        8646.04886641        -52410.5758187        -43764.5269522 
---
>   5.5000e-13         163.808041823         140846457.777        8646.04886641        -52410.5758186        -43764.5269522 
121c121
<   5.9500e-13         162.082820115         220954950.284        8554.98892196        -52228.5499245        -43673.5610025 
---
>   5.9500e-13         162.082820115         220954950.284        8554.98892196        -52228.5499244        -43673.5610025 
131c131
<   6.4500e-13         159.301385539         224051633.403        8408.18038315        -51934.8388706        -43526.6584874 
---
>   6.4500e-13         159.301385539         224051633.403        8408.18038315        -51934.8388705        -43526.6584874 
154c154
<   7.6000e-13         155.683812262         421392641.943        8217.23911445        -51552.8100165         -43335.570902 
---
>   7.6000e-13         155.683812262         421392641.943        8217.23911445        -51552.8100165        -43335.5709021 
159c159
<   7.8500e-13         155.347512874          60143678.528        8199.48869811        -51517.3016212         -43317.812923 
---
>   7.8500e-13         155.347512874          60143678.528        8199.48869811        -51517.3016211         -43317.812923 
163c163
<   8.0500e-13         155.427324209          312624517.83        8203.70126722        -51525.7789603        -43322.0776931 
---
>   8.0500e-13         155.427324209          312624517.83        8203.70126722        -51525.7789604        -43322.0776931 
169c169
<   8.3500e-13         155.754849847          74322164.482        8220.98859108         -51560.352802        -43339.3642109 
---
>   8.3500e-13         155.754849847          74322164.482        8220.98859108        -51560.3528019        -43339.3642109 
171c171
<   8.4500e-13         155.862378124         212840463.359         8226.6641045        -51571.7031221        -43345.0390176 
---
>   8.4500e-13         155.862378124         212840463.359         8226.6641045        -51571.7031221        -43345.0390175 
177c177
<   8.7500e-13         156.083353468         258228709.903        8238.32753445        -51595.1410749        -43356.8135404 
---
>   8.7500e-13         156.083353468         258228709.903        8238.32753445        -51595.1410749        -43356.8135405 
186,187c186,187
<   9.2000e-13         155.324300945         188491582.265        8198.26353558        -51514.8913026        -43316.6277671 
<   9.2500e-13         155.189561598         331460155.998        8191.15177865        -51500.6442915        -43309.4925129 
---
>   9.2000e-13         155.324300945         188491582.265        8198.26353558        -51514.8913026         -43316.627767 
>   9.2500e-13         155.189561598         331460155.998        8191.15177865        -51500.6442915        -43309.4925128 
194c194
<   9.6000e-13         154.291796365         146653865.965        8143.76630237        -51405.8563882        -43262.0900859 
---
>   9.6000e-13         154.291796365         146653865.965        8143.76630237        -51405.8563882        -43262.0900858 
198c198
<   9.8000e-13          153.82330971          250083463.13        8119.03883194        -51356.3746741        -43237.3358421 
---
>   9.8000e-13          153.82330971          250083463.13        8119.03883194        -51356.3746741        -43237.3358422 
202c202
<   1.0000e-12         153.398840915           157203191.8         8096.6346941        -51311.5475528        -43214.9128586 
---
>   1.0000e-12         153.398840915           157203191.8         8096.6346941        -51311.5475528        -43214.9128587 
